Entered matrix from 'data.txt': 
[1.0, 2.0, 3.0]
[4.0, 5.0, 6.0]
[7.0, 8.0, 9.0]
--------------------------------------------------------------
A determinant of a matrix: 0.0
--------------------------------------------------------------
A determinant equals 0. An invertible matrix doesn't exist. 
--------------------------------------------------------------
Matrix of degree 2: 
[30.0, 36.0, 42.0]
[66.0, 81.0, 96.0]
[102.0, 126.0, 150.0]
--------------------------------------------------------------
Matrix of degree 3: 
[468.0, 576.0, 684.0]
[1062.0, 1305.0, 1548.0]
[1656.0, 2034.0, 2412.0]
--------------------------------------------------------------
